nCUT = 1

sum{i in 1 .. ncells} Y[i] = 13

Y [*] :=
 19  1
 20  1
 21  1
 24  1
 25  1
 27  1
 38  1
 39  1
 42  1
 45  1
 51  1
 52  1
133  1
;

nCUT = 2

sum{i in 1 .. ncells} Y[i] = 14

Y [*] :=
 19  1
 20  1
 21  1
 24  1
 25  1
 27  1
 38  1
 39  1
 42  1
 45  1
 51  1
 52  1
115  1
133  1
;

nCUT = 3

sum{i in 1 .. ncells} Y[i] = 14

Y [*] :=
 19  1
 20  1
 21  1
 24  1
 25  1
 27  1
 38  1
 39  1
 42  1
 45  1
 51  1
 52  1
 97  1
133  1
;

nCUT = 4

sum{i in 1 .. ncells} Y[i] = 14

Y [*] :=
 19  1
 20  1
 21  1
 24  1
 25  1
 27  1
 38  1
 39  1
 42  1
 45  1
 51  1
 52  1
 79  1
133  1
;

nCUT = 5

sum{i in 1 .. ncells} Y[i] = 14

Y [*] :=
 19  1
 20  1
 21  1
 24  1
 25  1
 27  1
 38  1
 39  1
 42  1
 45  1
 51  1
 52  1
 61  1
133  1
;

nCUT = 6

sum{i in 1 .. ncells} Y[i] = 14

Y [*] :=
 19  1
 20  1
 21  1
 24  1
 25  1
 27  1
 38  1
 39  1
 42  1
 45  1
 51  1
 52  1
 77  1
133  1
;

nCUT = 7

sum{i in 1 .. ncells} Y[i] = 14

Y [*] :=
 19  1
 20  1
 21  1
 24  1
 25  1
 27  1
 38  1
 39  1
 42  1
 45  1
 51  1
 52  1
 95  1
133  1
;

nCUT = 8

sum{i in 1 .. ncells} Y[i] = 15

Y [*] :=
 19  1
 20  1
 21  1
 24  1
 25  1
 27  1
 38  1
 39  1
 42  1
 45  1
 51  1
 52  1
 68  1
 95  1
133  1
;

nCUT = 9

sum{i in 1 .. ncells} Y[i] = 15

Y [*] :=
 19  1
 20  1
 21  1
 24  1
 25  1
 27  1
 38  1
 39  1
 42  1
 45  1
 51  1
 52  1
 77  1
113  1
133  1
;

nCUT = 10

sum{i in 1 .. ncells} Y[i] = 15

Y [*] :=
 19  1
 20  1
 21  1
 24  1
 25  1
 27  1
 38  1
 39  1
 42  1
 45  1
 51  1
 52  1
 77  1
 95  1
133  1
;

nCUT = 11

sum{i in 1 .. ncells} Y[i] = 16

Y [*] :=
 19  1
 20  1
 21  1
 24  1
 25  1
 27  1
 38  1
 39  1
 42  1
 45  1
 51  1
 52  1
 77  1
 95  1
 97  1
133  1
;

nCUT = 12

sum{i in 1 .. ncells} Y[i] = 14

Y [*] :=
 19  1
 20  1
 21  1
 24  1
 25  1
 27  1
 38  1
 39  1
 42  1
 45  1
 51  1
 52  1
 89  1
133  1
;

nCUT = 13

sum{i in 1 .. ncells} Y[i] = 16

Y [*] :=
 19  1
 20  1
 21  1
 24  1
 25  1
 27  1
 38  1
 39  1
 42  1
 45  1
 51  1
 52  1
 68  1
 77  1
 95  1
133  1
;

nCUT = 14

sum{i in 1 .. ncells} Y[i] = 16

Y [*] :=
 19  1
 20  1
 21  1
 24  1
 25  1
 27  1
 38  1
 39  1
 42  1
 45  1
 51  1
 52  1
 66  1
 77  1
 95  1
133  1
;

nCUT = 15

sum{i in 1 .. ncells} Y[i] = 14

Y [*] :=
 19  1
 20  1
 21  1
 24  1
 25  1
 27  1
 38  1
 39  1
 42  1
 45  1
 51  1
 52  1
 81  1
133  1
;

nCUT = 16

sum{i in 1 .. ncells} Y[i] = 17

Y [*] :=
 19  1
 20  1
 21  1
 24  1
 25  1
 27  1
 38  1
 39  1
 42  1
 45  1
 51  1
 52  1
 68  1
 77  1
 86  1
 95  1
133  1
;

nCUT = 17

sum{i in 1 .. ncells} Y[i] = 15

Y [*] :=
 19  1
 20  1
 21  1
 24  1
 25  1
 27  1
 38  1
 39  1
 42  1
 45  1
 51  1
 52  1
 97  1
 99  1
133  1
;

nCUT = 18

sum{i in 1 .. ncells} Y[i] = 15

Y [*] :=
 19  1
 20  1
 21  1
 24  1
 25  1
 27  1
 38  1
 39  1
 42  1
 45  1
 51  1
 52  1
 79  1
 99  1
133  1
;

nCUT = 19

sum{i in 1 .. ncells} Y[i] = 18

Y [*] :=
 19  1
 20  1
 21  1
 24  1
 25  1
 27  1
 38  1
 39  1
 42  1
 45  1
 51  1
 52  1
 68  1
 77  1
 86  1
 95  1
115  1
133  1
;

nCUT = 20

sum{i in 1 .. ncells} Y[i] = 15

Y [*] :=
 19  1
 20  1
 21  1
 24  1
 25  1
 27  1
 38  1
 39  1
 42  1
 45  1
 51  1
 52  1
 61  1
 99  1
133  1
;

nCUT = 21

sum{i in 1 .. ncells} Y[i] = 17

Y [*] :=
 19  1
 20  1
 21  1
 24  1
 25  1
 27  1
 38  1
 39  1
 42  1
 45  1
 51  1
 52  1
 68  1
 77  1
 95  1
104  1
133  1
;

nCUT = 22

sum{i in 1 .. ncells} Y[i] = 16

Y [*] :=
 19  1
 20  1
 21  1
 24  1
 25  1
 27  1
 38  1
 39  1
 42  1
 45  1
 51  1
 52  1
 68  1
 86  1
 89  1
133  1
;

nCUT = 23

sum{i in 1 .. ncells} Y[i] = 16

Y [*] :=
 19  1
 20  1
 21  1
 24  1
 25  1
 27  1
 38  1
 39  1
 42  1
 45  1
 51  1
 52  1
 97  1
 99  1
115  1
133  1
;

nCUT = 24

sum{i in 1 .. ncells} Y[i] = 18

Y [*] :=
 19  1
 20  1
 21  1
 24  1
 25  1
 27  1
 38  1
 39  1
 42  1
 45  1
 51  1
 52  1
 68  1
 77  1
 95  1
 97  1
104  1
133  1
;

nCUT = 25

sum{i in 1 .. ncells} Y[i] = 15

Y [*] :=
 19  1
 20  1
 21  1
 24  1
 25  1
 27  1
 38  1
 39  1
 42  1
 45  1
 51  1
 52  1
 89  1
 97  1
133  1
;

nCUT = 26

sum{i in 1 .. ncells} Y[i] = 17

Y [*] :=
 19  1
 20  1
 21  1
 24  1
 25  1
 27  1
 38  1
 39  1
 42  1
 45  1
 51  1
 52  1
 68  1
 97  1
 99  1
115  1
133  1
;

nCUT = 27

sum{i in 1 .. ncells} Y[i] = 14

Y [*] :=
 19  1
 20  1
 21  1
 24  1
 25  1
 27  1
 38  1
 39  1
 42  1
 45  1
 51  1
 52  1
106  1
133  1
;

nCUT = 28

sum{i in 1 .. ncells} Y[i] = 15

Y [*] :=
 19  1
 20  1
 21  1
 24  1
 25  1
 27  1
 38  1
 39  1
 42  1
 45  1
 51  1
 52  1
 97  1
106  1
133  1
;

nCUT = 29

sum{i in 1 .. ncells} Y[i] = 14

Y [*] :=
 19  1
 20  1
 21  1
 24  1
 25  1
 27  1
 38  1
 39  1
 42  1
 45  1
 51  1
 52  1
 88  1
133  1
;

nCUT = 30

sum{i in 1 .. ncells} Y[i] = 15

Y [*] :=
 19  1
 20  1
 21  1
 24  1
 25  1
 27  1
 38  1
 39  1
 42  1
 45  1
 51  1
 52  1
 68  1
106  1
133  1
;

nCUT = 31

sum{i in 1 .. ncells} Y[i] = 15

Y [*] :=
 19  1
 20  1
 21  1
 24  1
 25  1
 27  1
 38  1
 39  1
 42  1
 45  1
 51  1
 52  1
106  1
120  1
133  1
;

nCUT = 32

sum{i in 1 .. ncells} Y[i] = 15

Y [*] :=
 19  1
 20  1
 21  1
 24  1
 25  1
 27  1
 38  1
 39  1
 42  1
 45  1
 51  1
 52  1
 66  1
106  1
133  1
;

nCUT = 33

sum{i in 1 .. ncells} Y[i] = 15

Y [*] :=
 19  1
 20  1
 21  1
 24  1
 25  1
 27  1
 38  1
 39  1
 42  1
 45  1
 51  1
 52  1
 77  1
106  1
133  1
;

nCUT = 34

sum{i in 1 .. ncells} Y[i] = 16

Y [*] :=
  7  1
 19  1
 20  1
 21  1
 24  1
 25  1
 27  1
 38  1
 39  1
 42  1
 45  1
 51  1
 52  1
 68  1
 71  1
133  1
;

nCUT = 35

sum{i in 1 .. ncells} Y[i] = 15

Y [*] :=
  7  1
 19  1
 20  1
 21  1
 24  1
 25  1
 27  1
 38  1
 39  1
 42  1
 45  1
 51  1
 52  1
106  1
133  1
;

nCUT = 36

sum{i in 1 .. ncells} Y[i] = 15

Y [*] :=
  7  1
 19  1
 20  1
 21  1
 24  1
 25  1
 27  1
 38  1
 39  1
 42  1
 45  1
 51  1
 52  1
 88  1
133  1
;

nCUT = 37

sum{i in 1 .. ncells} Y[i] = 16

Y [*] :=
 19  1
 20  1
 21  1
 24  1
 25  1
 27  1
 38  1
 39  1
 42  1
 45  1
 51  1
 52  1
 77  1
 95  1
106  1
133  1
;

nCUT = 38

sum{i in 1 .. ncells} Y[i] = 17

Y [*] :=
  7  1
 19  1
 20  1
 21  1
 24  1
 25  1
 27  1
 38  1
 39  1
 42  1
 45  1
 51  1
 52  1
 68  1
 71  1
 95  1
133  1
;

nCUT = 39

sum{i in 1 .. ncells} Y[i] = 18

Y [*] :=
 19  1
 20  1
 21  1
 24  1
 25  1
 27  1
 38  1
 39  1
 42  1
 45  1
 51  1
 52  1
 68  1
 71  1
 97  1
 99  1
115  1
133  1
;

nCUT = 40

sum{i in 1 .. ncells} Y[i] = 18

Y [*] :=
  7  1
 19  1
 20  1
 21  1
 24  1
 25  1
 27  1
 38  1
 39  1
 42  1
 45  1
 51  1
 52  1
 68  1
 71  1
 77  1
 95  1
133  1
;

nCUT = 41

sum{i in 1 .. ncells} Y[i] = 19

Y [*] :=
  7  1
 19  1
 20  1
 21  1
 24  1
 25  1
 27  1
 38  1
 39  1
 42  1
 45  1
 51  1
 52  1
 68  1
 71  1
 77  1
 95  1
 97  1
133  1
;

nCUT = 42

sum{i in 1 .. ncells} Y[i] = 17

Y [*] :=
 14  1
 19  1
 20  1
 21  1
 24  1
 25  1
 27  1
 38  1
 39  1
 42  1
 45  1
 51  1
 52  1
 61  1
 68  1
 77  1
133  1
;

nCUT = 43

sum{i in 1 .. ncells} Y[i] = 19

Y [*] :=
  7  1
 19  1
 20  1
 21  1
 24  1
 25  1
 27  1
 38  1
 39  1
 42  1
 45  1
 51  1
 52  1
 68  1
 71  1
 77  1
 86  1
 95  1
133  1
;

nCUT = 44

sum{i in 1 .. ncells} Y[i] = 15

Y [*] :=
 19  1
 20  1
 21  1
 24  1
 25  1
 27  1
 38  1
 39  1
 42  1
 45  1
 51  1
 52  1
106  1
125  1
133  1
;

nCUT = 45

sum{i in 1 .. ncells} Y[i] = 17

Y [*] :=
 19  1
 20  1
 21  1
 24  1
 25  1
 27  1
 38  1
 39  1
 42  1
 45  1
 51  1
 52  1
 66  1
 77  1
 95  1
106  1
133  1
;

nCUT = 46

sum{i in 1 .. ncells} Y[i] = 15

Y [*] :=
 19  1
 20  1
 21  1
 24  1
 25  1
 27  1
 38  1
 39  1
 42  1
 45  1
 51  1
 52  1
 88  1
125  1
133  1
;

nCUT = 47

sum{i in 1 .. ncells} Y[i] = 14

Y [*] :=
 19  1
 20  1
 21  1
 24  1
 25  1
 27  1
 38  1
 39  1
 42  1
 45  1
 51  1
 52  1
 60  1
133  1
;

nCUT = 48

sum{i in 1 .. ncells} Y[i] = 19

Y [*] :=
 19  1
 20  1
 21  1
 24  1
 25  1
 27  1
 38  1
 39  1
 42  1
 45  1
 51  1
 52  1
 68  1
 71  1
 77  1
 97  1
 99  1
115  1
133  1
;

nCUT = 49

sum{i in 1 .. ncells} Y[i] = 15

Y [*] :=
 19  1
 20  1
 21  1
 24  1
 25  1
 27  1
 38  1
 39  1
 42  1
 45  1
 51  1
 52  1
 81  1
124  1
133  1
;

nCUT = 50

sum{i in 1 .. ncells} Y[i] = 15

Y [*] :=
 19  1
 20  1
 21  1
 24  1
 25  1
 27  1
 38  1
 39  1
 42  1
 45  1
 51  1
 52  1
 99  1
124  1
133  1
;

